298
富锦路 			1298 298 1
友谊西路			1294 360 1 
宝安公路			1295 420 1
共富新村			1295 485 1
呼兰路 			1295 545 1
通河新村		 	1295 609 1
共康路			1295 669 1
彭浦新村			1295 734 1
汶水路			1294 795 1
上海马戏城 		1295	858 1
延长路 			1295 920 1
中山北路			1251 985 1
汉中路 			1196 1094 1 12 13
新闸路 			1235 1155 1
黄坡南路			1256 1274 1
衡山路 			1007 1327 1
漕宝路 			851 1535 1 12
锦江乐园	 		780 1613 1
莲花路 			740 1652 1
外环路	 		706 1690 1
虹桥一号航站楼		593 1199 10
广兰路			1912 1588 2
徐泾东			445	1178	2
淞虹路			616	1029	2
北新泾			691	1070	2
威宁路			734	1116	2
娄山关路			796	1141	2
南京西路			1176	1212	2
陆家嘴			1477	1216	2
东昌路			1513	1263	2
上海科技馆		1665	1433	2
世纪公园			1666	1498	2
张江高科			1798	1555	2
金科路			1864	1554	2
江杨北路			1556	262	3
铁力路			1599	307	3
友谊路			1624	360	3
宝杨路			1622	421	3
水产路			1623	483	3
淞滨路			1625	543	3
张华滨			1598	604	3
淞发路			1550	651	3
长江南路			1516	703	3
殷高西路			1517	750	3
江湾镇			1517	801	3
大柏树			1516	846	3
赤峰路			1492	900	3
东宝兴路			1385	1009	3
漕溪路			891	1475	3
龙漕路			918	1536	3 12
石龙路			888	1570	3
上海体育场		1018	1432	4
大木桥路			1139	1432	4 12
鲁班路			1207	1432	4
南浦大桥			1357	1434	4
塘桥			1436	1466	4
浦东大道			1562	1236	4
杨树浦路			1560	1164	4
临平路			1503	1071	4
东安路			1018 1432 4 7
西藏南路        1207 1432 4 8 
春申路			635	1776	5
银都路			635	1848	5
颛桥			635	1916	5
北桥			635	1992	5
剑川路			635	2066	5
东川路			635	2138	5
金平路			599	2165	5
华宁路			559	2165	5
文井路			515	2165	5
闵行开发区		468	2166	5
灵岩南路			1213	1802	6
上南路			1278	1802	6
华夏西路			1335	1802	6
高青路			1351	1753	6
东明路			1351	1705	6
临沂新村			1421	1556	6
上海儿童医学中心		1468	1505	6
浦电路			1545	1383	6 4
源深体育中心		1631	1308	6
民生路			1683	1308	6
北洋泾路			1740	1308	6
德平路			1798	1308	6
云山路			1864	1308	6
金桥路			1904	1288	6
博兴路			1933	1255	6
五莲路			1955	1259	6
东靖路			1952	1056	6
五洲大道			1951	995	6
洲海路			1955	927	6
外高桥保税区南		1953	854	6
航津路			1954	784	6
外高桥保税区北		1953	706	6
港城路			1916	648	6
花木路			1733	1508	7
芳华路			1594	1573	7
锦绣路			1558	1611	7
杨高南路			1459	1611	7
云台路			1308	1610	7
长清路			1178	1611	7
后滩			1103	1579	7
龙华中路			1065	1485	7 12
昌平路			1065	1151	7
岚皋路			1073	950	7
新村路			1102	918	7
大华三路			1128	893	7
行知路			1137	829	7
大场镇			1136	766	7
场中路			1136	704	7
上大路			1135	640	7
南陈路			1121	583	7
上海大学			1046	582	7
祁华路			988	549	7
顾村公园			987	502	7
刘行			985	449	7
潘广路			985	393	7
罗南新村			984	339	7
美兰湖			985	282	7
沈杜公路			1171	2200	8
联航路			1171	2136	8
江月路			1171	2075	8
浦江路			1171	2009	8
芦恒路			1171	1945	8
凌兆新村			1171	1881	8
杨思			1191	1730	8
成山路			1258	1674	8
大世界			1294	1275	8
中兴路			1327	1000	8
西藏北路			1387	962	8
曲阳路			1480	962	8
鞍山新村			1602	1031	8
江浦路			1670	1033	8
黄兴路			1739	1032	8
延吉中路			1763	1016	8
黄兴公园			1766	934	8
翔殷路			1765	861	8
嫩江路			1765	782	8
市光路			1765	701	8
松江南站			427	1742	9
醉白池			427	1701	9
松江体育中心		427	1660	9
松江新城			427	1618	9
松江大学城		427	1575	9
洞泾			427	1537	9
佘山			427	1493	9
泗泾			470	1432	9
九亭			515	1430	9
中春路			556	1431	9
七宝			601	1433	9
星中路			651	1432	9
合川路			696	1432	9
漕河泾开发区		744	1432	9
桂林路			791	1432	9
嘉善路			1138	1369	9 12
打浦桥			1192	1367	9
马当路			1241	1368	9 13
小南门			1411	1345	9
商城路			1512	1315	9
杨高中路			1699	1377	9
航中路			542	1263	10
紫藤路			585	1263	10
龙柏新村			629	1263	10
水城路			719	1226	10
伊犁路			767	1248	10
宋园路			799	1281	10
上海图书馆		992	1296	10
新天地			1205	1307	10 13
豫园			1355	1273	10
四川北路			1403	1100	10
邮电新村			1483	1013	10
同济大学			1572	924	10
国权路			1611	889	10
五角场			1653	846	10
江湾体育场		1681	803	10
三门路			1681	753	10
殷高东路			1681	702	10
新江湾城			1681	646	10
虹桥火车站		516	1184	10
上海动物园		629	1226	10
龙溪路			670	1225	10
嘉定北			740	205	11
嘉定西			675	286	11
白银路			675	352	11
马陆			727	481	11
南翔			773	528	11
桃浦新村			801	598	11
武威路			800	680	11
祁连山路			819	736	11
李子园			862	779	11
上海西站			905	826	11
真如			934	884	11
枫桥路			934	938	11
隆德路			934	1086	11
江苏路			934	1174	11
上海游泳馆		988	1477	11
云锦路			988	1576	11
龙耀路			988	1621	11
三林东			1464	1870	11
浦三路			1542	1869	11
御桥			1619	1870	11
秀沿路			1746	1891	11
康新公路			1831	1926	11
迪士尼			1952	1926	11
花桥			179	519	11
光明路			271	520	11
兆丰路			356	520	11
安亭			432	520	11
上海汽车城		511	520	11
昌吉东路			556	481	11
上海赛车场		590	450	11
嘉定新城		687 443 11
三林   			1384 1870 11
金海路			2149	1210	12
申江路			2122	1119	12
金京路			2076	1119	12
杨高北路			2026	1119	12
东陆路			1899	1119	12
复兴岛			1840	1119	12
爱国路			1780	1119	12
隆昌路			1719	1119	12
宁国路			1667	1119	12
江浦公园			1624	1119	12
提篮路			1505	1158	12
国际客运中心		1430	1158	12
南京西路			1176	1210	12 2 13
龙华			988	1533	12 11
桂林公园			730	1534	12 11
虹漕路			697	1534	12
虹梅路			662	1534	12
东兰路			629	1534	12
顾戴路			594	1534	12
虹莘路			594	1578	12
七莘路			594	1615	12
滴水湖			2053	2175	16
临港大道			2003	2145	16
书院			1962	2117	16
惠南东			1948	2082	16
惠南			1892	2055	16
野生动物园		1817	2055	16
新场			1745	2055	16
航头东			1693	2038	16
鹤沙航城			1692	1979	16
周浦东			1693	1928	16
华夏中路			1693	1730	16
金运路			519	886	13
丰庄			654	886	13
祁连山南路		714	886	13
真北路			761	931	13
大渡河路			815	979	13
武宁路			996	1088	13
江宁路			1128	1088	13
自然博物馆		1193	1145	13
淮海中路			1191	1247	13
世博会博物馆		1239	1479	13
世博大道			1240	1538	13
上海火车站	1222	1017	1 3 4 
人民广场		1288	1215	1 2 8
陕西南路		1164	1282	1 10 12
常熟路		1063	1270	1 7
徐家汇		963	1366	1 9 11
上海体育馆	895	1432	1 4
上海南站		815	1589	1 3
莘庄		665	1720	1 5
虹桥火车站	513	1180	2 10
虹桥2号航站楼	559	1183	2 10
中山公园 	844	1143	2 3 4
江苏路 		934	1175	2 11
静安寺		1065	1216	2 7
南京东路 	1354	1216	2 10
世纪大道		1569	1318	2 4 6 9
龙阳路		1693	1545	2 7 16
宜山路		842	1395	3 4 9
虹桥路		844	1299	3 4 10
延安西路		844	1220	3 4
金沙江路		879	1031	3 4 13 
金沙江西路	584 886 13
曹杨路		930	989	3 4 11
镇坪路		1066	991	3 4 7
中潭路		1134	993	3 4
宝山路		1324	1059	3 4 
虹口足球场	1428	966	3 8
蓝村路		1533	1449	4 6
大连路		1561	1120	4 12
海伦路		1429	1071	4 10
东方体育中心	1146	1779	6 8 11
高科西路		1351	1611	6 7
巨峰路		1958	1120	6 12
长寿路		1067	1087	7 13
肇嘉浜路		1065	1368	7 9
耀华路		1261	1610	7 8
陆家浜路		1295	1369	8 9
老西门		1293	1324	8 10
曲阜路		1295	1139	8 12
四平路		1533	972	8 10
交通大学		935	1298	10 11
天潼路		1357	1157	10 12
隆德路		934	1086	11 13
罗山路		1693	1873	11 16

